"x1"	"x3"	"x4"	"x6"	"x7"	"x8"	"x9"	"x10"	"x11"	"x12"	"x13"	"x14"	"x16"	"x18"	"x21"	"x22"	"x23"	"x24"	"Y"
17,30066196	0,36	0,029	28,3	35,2	12,3	1,8	32,05	63,5	1	16	4,44	375	801	0,082	20,3	2	8	1218
18,92630569	0,34	0,03	27,7	26	33,1	1,42	29	57,5	2,7	16,15	4,73	393	671	0,059	27,30769231	2	8	1065
20,82595091	0,34	0,027	43	46,4	32,5	3,97	23,7	62,5	0,5	15,6	4,83	454	767	0,066	29,38461538	2	7	1146
17,55253204	0,54	0,027	43,73	49,8	6,5	1,87	24	60,3	0,56	15,03	4,69	537	580	0,08	28,5625	1	6	914
19,98653075	0,41	0,028	49,03	45,07	24,8	4,26	23,9	41,18	3,09	14,89	5,15	341	810	0,084	36,03225806	1	8	1117
17,80279905	0,68	0,028	41,7	51,7	0,15	4,7	24,7	56,6	0,98	14,91	5,09	438	916	0,044	25,79245283	1	3	1367
14,90482507	0,74	0,022	42,6	24	1,2	0,07	23,1	64,1	0,3	14,29	5,12	649	1029	0,076	32,06976744	1	7	1379
15,75847302	0,77	0,022	48,54	32,37	0,25	1,63	27,02	65,9	1,48	14,84	4,79	293	854	0,045	19,63414634	1	3	1610
14,76401666	0,73	0,023	41,64	21,6	0,6	0,3	31,6	60,7	0,6	15,3	5,56	777	2000	0,05	23,81578947	3	3	2715
15,08457977	0,61	0,027	56,8	25,8	0,17	0,7	26,6	57,5	0,87	14,6	4,99	840	1089	0,045	21,75	3	4	1740
15,45221806	0,66	0,027	37,2	31,7	0	0,82	24,4	52,7	1,4	15,63	4,41	605	1173	0,057	27,42857143	3	7	1728
16,72680585	0,68	0,03	40	40,93	0,08	3,25	28,97	47,76	0,75	14,83	5,09	573	996	0,076	17,86666667	1	8	1340
17,29280423	0,56	0,034	41,93	33,64	10,71	2,68	27,02	39,91	0,71	13,8	6,23	612	930	0,14	15	2	8	1140
18,89590435	0,46	0,036	33,68	38,16	18,64	4,25	12,54	34,63	0,44	14,1	5,26	422	539	0,136	18,02	2	8	901
18,20536051	0,46	0,036	27,91	20,72	20,4	4,77	12,97	39,56	0,39	15,17	5,42	516	854	0,103	29,39534884	2	3	1264
21,75	0,53	0,037	33,25	12,03	11,06	4,54	10,42	49,19	0,51	14,78	5,52	597	1049	0,16	25,50943396	1	3	1352
17,67	0,65	0,037	31,76	16,19	1,82	4,28	16,92	45,18	1,07	15,51	4,48	287	684	0,102	32,20689655	1	2	934
16,12	0,57	0,035	32,97	16,81	5,5	3,06	19,45	47,7	0,78	15,57	4,71	919	1095	0,121	22,2972973	1	3	1650
14,12	0,6	0,033	43,11	12,88	0,58	1,74	20,42	49,96	0,98	14,72	5,22	629	965	0,161	24,01960784	1	7	1225
18,58	0,54	0,033	48,56	11,39	0,55	1,52	19,46	51,3	0,44	14,51	5,21	383	856	0,162	23,58974359	1	2	920
15,46	0,58	0,034	40,44	14,53	0,29	1,54	19,56	53,63	0,73	15,82	4,47	228	954	0,117	29,67391304	3	3	1365
14,1	0,585	0,034	43,57	15,53	1,07	0,46	21,2	49,92	0,31	14,97	4,84	688	1157	0,102	22,23728814	3	4	1312
13,57	0,55	0,032	29,17	22,47	8,28	3,5	27,21	43,51	1,11	15,47	4,83	803	1036	0,098	24,21428571	3	4	1356
13,84	0,61	0,032	19,5	22,13	1,27	2,77	25,89	47,01	1,06	15,37	5,59	791	1058	0,079	28	3	1	1344
11,23	0,6	0,032	22,89	24,43	2,13	2,23	30,11	44,47	0,84	15,01	5,89	481	890	0,093	24,68181818	1	7	1086
19,68	0,61	0,033	33,34	28,99	0,3	1,22	27,87	44,46	1,19	14,54	5,45	360	706	0,105	26,34210526	1	8	1001
16,42	0,61	0,033	33,09	31,75	0,2	1,41	20,5	44,38	0,69	15,08	4,95	590	798	0,089	30,45454545	1	8	1005
17,2	0,63	0,031	55,71	21,29	7,4	0,5	11,56	37,04	0,64	14,93	4,82	536	1074	0,129	33,35714286	1	7	1401
14,56	0,6	0,033	37,54	26,27	0,2	1,61	34,9	28,68	0,89	15,24	4,51	415	822	0,059	26,18604651	1	8	1126
15,94	0,58	0,034	35,7	22,19	0	3,04	22,04	31,78	0	15,35	5,28	681	1026	0,153	31,65116279	2	3	1361
17,66	0,54	0,038	22,35	29,94	6,4	7,56	29,26	39,86	0	15,64	5,82	781	898	0,122	28,93333333	2	3	1302
17,76	0,54	0,036	15,5	34,94	6,99	12,05	27,34	43,04	0	15,6	6	580	973	0,172	27,14	2	3	1357
15,83	0,58	0,035	19,1	34,4	0,2	6,67	22,45	44,08	0	15,76	6,04	468	734	0,185	23,54761905	2	3	989
17,37	0,57	0,037	17,4	24,3	0	10,6	40,97	44,6	0	16,29	6,33	876	1283	0,142	28,40983607	1	1	1733
18,03917547	0,58	0,04	13,39	18,73	0,12	12,16	25,87	39,11	0,62	16,11	5,93	319	639	0,117	24,48484848	1	4	808
16,67	0,6	0,038	18,16	23,92	0	9,47	30,17	38,86	0,4	15,89	5,87	541	1276	0,179	22,85714286	1	1	1760
15,15	0,71	0,035	29	16,58	0	2,73	28,83	32,51	0,38	15,25	5,14	455	1252	0,128	30,30769231	1	7	1576
10,68	0,73	0,034	29	8,37	0	1,3	26,61	28,55	0,35	15,31	5,74	559	1319	0,151	27,95081967	3	4	1705
12,64	0,66	0,035	40,12	8	0,24	1,88	24,75	26,85	0,31	15,44	5,18	315	982	0,232	24,63461538	3	7	1281
14,57	0,61	0,034	41,48	12,6	0,2	2,42	37,92	40,6	0	14,85	6,5	737	1277	0,207	28,33333333	3	3	1530
11,24	0,63	0,037	26,35	19,54	0	4,99	1,42	38,83	0,2	15,42	6,14	391	1060	0,171	25,03389831	1	3	1477
14,44	0,65	0,036	20,21	19,58	0	3,8	38,59	51	0	15,54	7,11	145	926	0,176	26,2962963	1	3	1420
36,5	0,66	0,038	36,61	19,41	0,76	4,33	14,42	56,46	0,32	14,67	7,85	577	1214	0,13	31,62	1	1	1581
14,53	0,65	0,034	28,35	22,5	0,78	2,09	24,97	53,89	0,07	15,54	6,8	490	1148	0,165	27,53571429	1	1	1542
13,71	0,64	0,035	28,11	26,47	0	3,87	32,22	53,25	0,23	15,55	7,19	770	1176	0,128	29,01666667	2	3	1741
14,4	0,65	0,032	25,76	31,23	0,26	1,68	33,76	52,6	0,45	16,04	7,17	805	1271	0,124	26,81034483	2	3	1555
12,23	0,59	0,033	14,36	34,21	0,48	3,18	34,62	48,1	0,55	16,85	6,74	289	1145	0,161	28,54901961	2	3	1456
18,55	0,58	0,032	26,7	34,49	0,51	1,34	32,38	47,69	0,1	15,75	6,92	262	741	0,203	29,57575758	2	8	976
11,5	0,58	0,04	10,89	21,79	0,09	3,84	27,71	56,31	0,18	16,88	5,94	386	935	0,145	31,27777778	1	8	1126
13,3	0,53	0,038	9,44	23,72	10,06	1,8	46,04	55,16	0,15	17,8	4,49	131	569	0,155	22,3	1	6	669
10,96	0,45	0,037	14,8	32,9	1	2,1	34	52,3	0,43	17	5,67	386	933	0,194	32,19444444	1	1	1159
13,07	0,44	0,035	9,4	31,8	1,8	1,1	36,9	58,5	0,44	17,09	5,79	774	1275	0,113	30,28846154	1	3	1575
16,4	0,45	0,034	14,7	27,7	0,86	1,34	34,55	52,25	0,47	16,98	6,4	438	1237	0,143	24,44776119	1	1	1638
16,64	0,43	0,033	16,13	15,65	1,17	0,25	31,37	52,57	0,41	16,74	6,73	359	941	0,17	32,64864865	3	3	1208
16,47	0,42	0,035	12,7	18,63	0,64	1,42	26,32	47,35	0,49	16,64	6,4	624	1714	0,154	30,44776119	3	1	2040
11,86	0,44	0,036	9,67	15,31	1,23	1,27	22,58	46,92	0,45	16,79	5,83	560	1914	0,146	25,69767442	3	1	2210
13,65	0,45	0,035	13,41	16,52	1,79	0,6	27,3	54,75	0,45	17,08	6,4	187	486	0,148	23,24137931	1	6	674
21,7	0,41	0,038	4,3	16,93	2,12	2,81	26,55	50,6	0,46	17,6	5,92	485	1417	0,182	22,21518987	1	3	1755
15,52	0,43	0,036	12,39	27,16	0,12	2,45	19,64	54,75	0,72	16,98	7,07	1001	1496	0,198	32,84313725	1	4	1675
11	0,51	0,038	12,2	25,3	0,43	4,9	16,24	49,68	0,21	16,74	6,46	1033	1582	0,155	24,31168831	2	4	1872
14,7	0,56	0,037	12,6	34,4	0,14	5,3	17,3	49	0,7	16,93	5,6	723	1908	0,184	22,96774194	2	5	2136
16,26	0,62	0,039	12,2	25,24	0,31	8,54	23,3	44,86	0,66	17,15	5,94	449	1555	0,128	23,57831325	2	3	1957
13,48	0,65	0,034	10,72	27,9	0	2,85	15,79	38	0,43	16,78	6	480	1403	0,153	27,38235294	2	3	1862
15,09	0,66	0,038	12,1	15,4	0,74	9,94	19,2	40,3	0,17	16,55	5,25	672	1679	0,231	28,6625	1	3	2293
13,02	0,7	0,039	7,33	18,44	1,56	12,8	18,29	41,75	0,6	16,91	5,49	347	1377	0,173	26,12987013	1	1	2012
20,6	0,7	0,041	6,82	18,8	0,82	19,8	15,9	42,72	0,12	16,9	5,22	660	1141	0,157	21,63291139	3	1	1709
19,24	0,71	0,038	11,54	11,49	0,3	12,9	19,44	43,2	0,6	16,65	4,8	330	1294	0,166	25,32911392	3	3	2001
19,56	0,71	0,038	13,9	11,86	0,7	11,73	24,11	42,1	0,79	16,84	5,15	535	1005	0,124	31,53623188	3	4	2176
25,02	0,66	0,041	10,7	37	0,65	16,31	17,56	44	0,44	17,19	5,84	786	1302	0,12	25,90140845	1	4	1839
25	0,63	0,041	17,04	53,53	1,3	9,66	16,37	43,87	0,62	17,62	4,62	852	1283	0,158	13,78947368	1	4	1572
31,4	0,38	0,044	6,89	47,73	35,54	21	9,49	46,89	0,13	19,06	4,51	482	1081	0,143	15,08421053	2	1	1433
33,8	0,28	0,046	5,7	52,4	55,81	33,05	19,8	53,91	0,14	19,1	4,66	424	1127	0,116	19,35135135	2	3	1432
21,84	0,17	0,04	7,39	34,46	93,28	16,92	27,49	43,73	0,43	18,21	5,34	989	1642	0,162	22,52054795	1	1	1644
36,7	0,3	0,035	4,41	32,51	67,29	6,08	16,03	35,1	0,79	17,5	6,17	1001	1268	0,026	21,57142857	1	4	1510
17,65	0,39	0,039	0,6	38,2	42,87	15,07	22,1	36,27	0,7	18,07	4,96	1280	2886	0,147	15,72815534	1	3	3240
16,5	0,624324225	0,036924668	9,98	40,14	4,54	10,04	24,52	38,78	0	16,87776084	5,703341176	976	2296	0,106	18,22	3	1	2733
29	0,65	0,037	6,91	36	0,54	12,73	25,69	36,45	0	17,54	5,45	497	1840	0,018	16,31543624	3	5	2431
25	0,76	0,041	3,03	27,83	0,07	15,42	23,88	37,35	0,88	17,2	5,1	1088	2061	0,076	22,53333333	2	1	2704
25,7	0,75	0,041	1,7	35,23	1,84	17,8	18,76	35	0,93	17,43	4,53	1402	1681	0,079	19,17431193	2	5	2090
20	0,73	0,042	2,17	42,91	1,59	16,98	17,02	31,51	0,81	17,45	4,59	597	1416	0,015	17,90291262	1	4	1844
22	0,72	0,042	2,64	31,46	0,14	21,32	20,14	31,25	1,42	18,55	4,55	824	1289	0,055	21,69117647	1	4	1475
31,85	0,7	0,043	1,7	7,46	0	14,65	24,57	34,12	1,32	18,18	4,51	547	880	0,046	26,45	1	1	1058
27	0,708	0,041	5,3	25,75	0	14,65	25,69	34,7	0,94	18,75	5,07	813	1755	0,101	17,00840336	3	3	2024
19,5	0,63	0,041	0,71	19,34	1,2	15,52	27,02	28,27	0,98	19,44	4,48	845	1628	0,124	13,70149254	3	1	1836
24,5	0,64	0,039	1,49	35,84	4,18	13,53	21,97	26	0,43	18,14	4,73	429	1243	0,061	14,91666667	1	5	1611
28,5	0,61	0,038	5,9	56,53	9,69	11,61	30,1	23,8	1,2	18,39	4,24	863,2	1829	0,134	19,35185185	2	1	2090
34,22	0,64	0,034	1,92	34,82	4,08	5,4	25,59	23,8	0,94	17,9	4,11	1135	2117	0,115	18,25373134	2	5	2446
33,5	0,64	0,035	2,22	26,56	6,01	4,46	24,8	27,57	0,62	17,54	4,24	1015	2045	0,087	13,29824561	1	5	2274
24,8	0,7	0,031	4,27	14,49	0,06	1,51	17,52	23,9	2,6	18,28	4	1128	2737	0,079	16,49494949	3	1	3266
30	0,7	0,031	13,271878	20,22	1,18	6,92	20,82	27,5	4,71	17,72	4,23	745	1641	0,118	13,6025641	3	1	2122
14,1	0,68	0,031	2,7	21,66	0,31	1,86	14,1	22,98	0,31	17,34	4,27	476	1731	0,119	16,98496241	1	5	2259
